%#GK: 8 rows
%#M: 8 rows

0.064219 0.075889 0.085200 0.102298 0.120361 0.142228 

0.057722 0.072249 0.089170 0.097169 0.105341 0.114051 

0.054415 0.071278 0.086690 0.094249 0.101745 0.110165 

0.033724 0.046135 0.051254 0.059171 0.068530 0.079060 

0.006320 0.009006 0.012294 0.016390 0.021557 0.028565 

0.002016 0.002964 0.005643 0.009462 0.016046 0.027491 

0.001887 0.002839 0.004193 0.009395 0.021302 0.048629 

0.003124 0.004811 0.003995 0.013083 0.043597 0.148748 


0.094800 0.113900 0.376608 0.309583 0.260443      NaN 

0.165674 0.170022 0.201898 0.169445 0.145707      NaN 

0.253499 0.224361 0.112826 0.093990 0.081727      NaN 

0.052047 0.041174 0.045484 0.037742 0.030604      NaN 

0.005846 0.004093 0.024345 0.020087 0.016828      NaN 

0.000879 0.000538 0.015204 0.012455 0.010167      NaN 

0.000183 0.000106 0.011153 0.009349 0.007806      NaN 

     NaN      NaN      NaN      NaN      NaN      NaN 
