%#GK: 8 rows
%#M: 8 rows

0.009129 0.011187 0.047379 0.041370 0.125565 0.312233 

0.003992 0.005951 0.021605 0.022117 0.053442 0.105390 

0.002957 0.003709 0.010737 0.008748 0.018280 0.032694 

0.002164 0.002893 0.007094 0.005771 0.009673 0.019049 

0.000984 0.001283 0.002773 0.003390 0.006238 0.011703 

0.000373 0.000522 0.001199 0.001307 0.003108 0.009078 

0.000537 0.000692 0.001553 0.001706 0.005915 0.028212 

0.001398 0.001251 0.003207 0.003368 0.017936 0.169864 


0.033772 0.050036 0.343154 0.300400 0.465921      NaN 

0.029511 0.035333 0.120487 0.092644 0.188481      NaN 

0.049508 0.048854 0.064297 0.045791 0.096822      NaN 

0.019934 0.017111 0.028939 0.022351 0.044133      NaN 

0.005410 0.004197 0.021186 0.016873 0.026294      NaN 

0.002131 0.001355 0.016330 0.012978 0.019682      NaN 

0.001872 0.000815 0.031457 0.023872 0.026248      NaN 

     NaN      NaN      NaN      NaN      NaN      NaN 
