%#GK: 8 rows
%#M: 8 rows

0.007949 0.010771 0.031400 0.033149 0.062366 0.097497 

0.003654 0.006148 0.017462 0.017760 0.033475 0.050513 

0.002792 0.003505 0.009165 0.008605 0.014704 0.023248 

0.002075 0.002917 0.006771 0.005878 0.009122 0.015567 

0.000870 0.001263 0.002329 0.003094 0.004789 0.007983 

0.000317 0.000439 0.001080 0.001217 0.002756 0.007475 

0.000456 0.000623 0.001197 0.001650 0.005137 0.018438 

0.001059 0.001143 0.001781 0.002978 0.014512 0.082505 


0.026922 0.038850 0.201789 0.170531 0.184849      NaN 

0.027701 0.033349 0.076759 0.068321 0.093753      NaN 

0.044007 0.039378 0.041255 0.033719 0.052228      NaN 

0.014916 0.012901 0.022089 0.018213 0.020468      NaN 

0.003196 0.002406 0.012959 0.010477 0.011548      NaN 

0.000624 0.000407 0.008748 0.007068 0.007089      NaN 

0.000156 0.000094 0.008847 0.007469 0.006625      NaN 

     NaN      NaN      NaN      NaN      NaN      NaN 
