0.109750 0.142822 0.185860 0.241867 0.314752 0.409600 

0.081483 0.106037 0.137990 0.179572 0.233685 0.304104 

0.059631 0.077601 0.100985 0.131416 0.171017 0.222552 

0.039580 0.051507 0.067028 0.087227 0.113512 0.147718 

0.014367 0.018696 0.024330 0.031662 0.041203 0.053619 

0.004768 0.006205 0.008075 0.010509 0.013675 0.017796 

0.001571 0.002044 0.002660 0.003462 0.004505 0.005863 

0.000516 0.000672 0.000875 0.001138 0.001481 0.001928 


0.099794 0.117856 0.139188 0.164379 0.194131 0.229267 

0.089173 0.105313 0.124374 0.146885 0.173470 0.204867 

0.078641 0.092874 0.109684 0.129536 0.152981 0.180669 

0.056972 0.067283 0.079460 0.093842 0.110827 0.130886 

0.012403 0.014647 0.017298 0.020429 0.024127 0.028494 

0.002165 0.002557 0.003020 0.003567 0.004212 0.004975 

0.000374 0.000442 0.000522 0.000617 0.000728 0.000860 

0.000065 0.000076 0.000090 0.000106 0.000126 0.000148 