%#M 8 rows
%#K 8 rows
%#G 8 rows 
 0.219111     NaN        NaN        NaN        NaN        NaN    
 0.064289   0.200253     NaN      0.366026     NaN        NaN    
 0.108704   0.142845   0.129822   0.067109     NaN        NaN    
 0.038019   0.060718   0.033955     NaN        NaN        NaN    
   NaN        NaN        NaN        NaN        NaN        NaN    
   NaN        NaN      0.098190     NaN        NaN        NaN    
 0.010099     NaN        NaN        NaN        NaN        NaN    
   NaN        NaN        NaN        NaN        NaN        NaN    
 0.074527   0.065657     NaN        NaN        NaN        NaN    
 0.046941   0.059099   0.068816   0.049300   0.236911     NaN    
 0.065936   0.057397   0.076343   0.067165   0.058296   0.181030 
 0.059291   0.052378   0.046824   0.071345   0.067593   0.049956 
 0.009935   0.020001   0.013867   0.008010   0.034202   0.053722 
 0.004264   0.006503   0.012763   0.005349   0.009400   0.089024 
 0.005218   0.005139   0.017348     NaN      0.032100   0.014810 
 0.001309   0.003789   0.002671   0.004713     NaN      0.015968 
 0.057832   0.115097   0.019212     NaN        NaN        NaN    
 0.051574   0.057507   0.073087   0.073146   0.015647   0.250751 
 0.041677   0.047819   0.058933   0.041408   0.061341   0.040657 
 0.043894   0.059688   0.055385   0.056499   0.049331   0.053357 
 0.008191   0.010298   0.016054   0.034121   0.011708   0.009274 
 0.001790   0.002963   0.008872   0.012421   0.032964   0.040751 
 0.002348   0.002745   0.003671   0.010567   0.017070   0.019429 
 0.002930   0.000636   0.004230   0.007002     NaN        NaN    
