%M
%K
%G
 0.089452     NaN        NaN        NaN        NaN        NaN    
 0.032145   0.081753     NaN      0.211325     NaN        NaN    
 0.041086   0.058316   0.074953   0.067109     NaN        NaN    
 0.021950   0.035055   0.033955     NaN        NaN        NaN    
   NaN        NaN        NaN        NaN        NaN        NaN    
   NaN        NaN      0.069431     NaN        NaN        NaN    
 0.010099     NaN        NaN        NaN        NaN        NaN    
   NaN        NaN        NaN        NaN        NaN        NaN    

 0.020670   0.037907     NaN        NaN        NaN        NaN    
 0.009034   0.015259   0.024330   0.034860   0.167522     NaN    
 0.008973   0.010847   0.017071   0.022388   0.026071   0.104517 
 0.008302   0.009726   0.011706   0.018421   0.023898   0.035325 
 0.003312   0.005774   0.006201   0.005664   0.017101   0.031016 
 0.002132   0.003251   0.006382   0.005349   0.009400   0.051398 
 0.002333   0.002967   0.007082     NaN      0.016050   0.014810 
 0.001309   0.002679   0.002671   0.004713     NaN      0.015968 

 0.013631   0.030761   0.019212     NaN        NaN        NaN    
 0.006397   0.010679   0.017726   0.025861   0.015647   0.144771 
 0.004369   0.006279   0.008987   0.010043   0.019398   0.023473 
 0.004304   0.006363   0.007537   0.010315   0.011965   0.018865 
 0.001831   0.002574   0.004145   0.007446   0.005854   0.006557 
 0.000895   0.001481   0.002957   0.004391   0.009939   0.018224 
 0.000958   0.001373   0.001836   0.004314   0.006969   0.013739 
 0.001108   0.000636   0.002115   0.003501     NaN        NaN    
